Distances provided by Rembrandt																																																																																												
																																																																																												
	F6	V3A	PIP	OPAI	PIR	TEav	ENTO	TEOm	7op	POLE	PBc	F1	F2	1	DP	7B	TEpv	MT	46v	F7	PERI	ProStr	29-30	12	TPt	TEam-a	25	45B	F3	TEad	OPRO	F4	FST	23	Gu	MW	TH-TF	V6A	STPr	46d	24d	8B	13	PBr	MIP	11	V2	AIP	V6	LB	Core	V4	10	24b	TEam-p	24a	9-46v	24c	8l	ProM	45A	IPa	SII	TEpd	9	MST	MB	LIP	44	STPi	5	INS	3	7m	PGa	2	8m	V1	31	F5	TEO	VIP	V4t	V3	7A	32	9-46d	Pi	STPc	8r	SUB	14
F6	0	49.6505367195	43.4441447912	21.404313008	27.6120613586	43.0822253411	41.4392213362	46.3631349834	35.0730730628	36.5782555231	43.6010394013	23.6855825505	10.4701682361	32.3557637344	50.8765094264	37.1724239434	45.5937158545	47.5030517268	12.7939056868	3.8142375888	40.0845551768	42.4210926785	33.0166331816	15.8528146252	41.7260407127	39.6246647471	19.7905340803	19.5460699844	9.1587981487	43.521934871	24.2784643064	15.3167747639	42.2966170114	21.7336533991	27.1127164479	30.2510987939	49.698222585	43.730139233	36.5455042276	9.5477524362	7.9862320127	7.6342658528	16.6915378057	38.9850081015	41.9092571642	13.336529333	51.9107299522	33.1323202472	50.8648085734	40.5263393232	38.0955414075	49.8800960805	17.3125284368	9.8957409319	45.5770396234	10.056336012	16.3187508238	9.3166426729	17.5818335311	27.3424341881	21.5505901393	38.125840203	29.0032383675	48.7479211112	8.8649859871	41.6724580372	34.2606411505	43.5826000484	18.0324657886	42.6056529804	38.8830374109	28.2330285934	25.6679970428	41.7945874379	36.2282150274	32.3171499488	10.0833578693	53.3511661326	33.7264204399	26.4729259528	51.4560081862	35.9970366159	51.6977755219	53.1216791736	41.3478811078	12.4107588212	10.9616438951	32.4393833967	42.1153086746	13.6543520905	41.9692558287	16.6590101987
V3A	49.6505367195	0	10.9104159767	43.0037201655	39.9005273875	43.2402592968	37.8169039026	24.7363745183	21.9227414111	44.5188008585	27.4376618905	31.3868305911	41.9523073791	31.1236210985	13.839750393	26.5146671884	27.1210123819	17.3075857099	53.1566212301	50.373586011	39.6971744497	12.3018767013	18.8211012563	49.4455260304	17.8339225302	36.5944006978	44.8359160498	46.6526143874	42.1481035123	40.6898672491	41.2845377736	36.4049331557	21.8058422035	29.0005431435	45.6231469983	22.2304096662	24.6681584452	9.1329120183	37.1802372063	54.1738057205	42.1248822095	44.1192587161	47.0061609888	38.9780485064	13.4188746682	54.6707776217	19.3443274217	23.5495626568	3.5214192594	34.3689713265	35.1825328915	18.330797897	59.2660649965	44.8774347961	32.2972889301	45.4544960325	50.0217891481	52.2202550313	46.5815376096	45.0208656431	49.3109755623	34.0430817778	32.880516088	29.5938318705	56.5272324014	17.5397713039	38.2874044668	13.3494033373	39.2392334765	29.5504414112	23.8203645329	30.9788062007	29.2428890675	17.2831019626	35.2887802776	38.0459240537	45.7224044642	5.5828130187	19.7763217028	42.132760852	21.8962024879	14.218529372	18.3957843198	17.9240725463	21.5948335905	52.9770999567	50.0794480025	41.6051070986	20.4381427117	45.05930273	31.5393575897	53.2809161374
PIP	43.4441447912	10.9104159767	0	39.8246104004	38.355484396	44.2650278718	39.8418633211	27.8621317286	19.7248156296	44.1746323574	26.1833178873	25.3882401267	35.0692902216	27.1982253733	11.9614789672	23.6222869422	30.1901944836	19.9807394206	48.3923282785	44.1518163839	40.3522738469	14.1259129832	13.212705668	45.424368149	14.0142995557	37.6754518022	41.1182831489	42.5356310802	35.3113895813	42.3762941951	39.0559689157	30.9536017294	24.171984536	22.283882274	42.871235211	18.6748942618	26.6931178637	5.2466071492	37.7227683222	48.9228908443	36.0071088269	38.3313194136	43.2903716037	39.2793665817	7.9064809868	49.7790414419	24.7296160621	20.2097093187	11.0380562238	34.4443029796	35.3937464664	23.135721858	54.3978231267	38.7979252976	34.6943331588	39.604468181	45.7838491851	46.6786465335	42.2530923774	42.4194612368	45.9119413232	35.0999131487	30.6078743755	32.8719527276	50.8105164437	17.0573665415	38.0343443187	2.8705781928	35.440861896	29.7968923869	16.8927900815	29.2447452357	21.8074851334	11.9307230938	35.8497344774	35.7732823412	40.617966892	14.7069562839	12.9079044068	39.2937812373	26.7788647839	7.8334746597	21.0618837334	23.6353107679	16.9876531542	47.675835803	45.1510339109	40.8679803721	19.5711259958	40.2871642288	33.4320959796	48.8458329631
OPAI	21.404313008	43.0037201655	39.8246104004	0	9.2414689052	24.0323820688	22.2698952559	33.5333872535	29.7569397564	17.8122939998	34.7901519086	29.455856422	24.2831788637	29.3239618879	47.1674800615	33.0491107905	30.2965152457	37.9501816994	17.2980088434	22.137099361	20.8179536487	32.314413179	28.5900826617	14.17811687	38.2005529331	21.5956577151	3.6753228503	18.1837365099	22.4934673701	24.9254059935	6.5891088956	18.9388532399	30.0972686267	23.1551212235	16.1528305992	22.0200552215	32.3004089976	39.4155492019	19.4548659197	17.8955573981	17.3629055264	17.9290569918	8.5710007218	22.743185982	39.4905094629	15.7601567738	39.90230718	30.0084063984	44.3641450453	26.0778714416	23.2805863362	37.3849629996	19.4069732508	16.2038741952	29.0984520618	14.7861896129	18.1476144304	16.5021858492	19.7555588201	18.2943409363	18.1910957884	20.7064495783	22.2824578589	33.5473972434	21.9656557241	33.7701762443	17.4666135145	40.084294425	14.0212137849	30.2783351772	41.1522482002	18.6990100872	31.8210558262	40.2964620181	18.5681508636	24.0686029374	18.7825228418	45.445087703	32.0183962917	20.4278261852	39.1996048207	32.5890238756	42.0485899967	41.5271127084	38.4914888034	15.3091548631	19.103689317	14.4950476512	33.9264080295	18.3899030323	24.424855155	13.098001518
PIR	27.6120613586	39.9005273875	38.355484396	9.2414689052	0	15.6417529917	16.9406996746	26.7464605346	26.5837468781	8.9661941645	28.4017376214	30.3947676767	29.1334108967	26.8187658857	44.5896573565	30.0218924597	22.9802724894	32.6648834908	22.608912528	28.1837843416	14.1073294995	29.0896522072	28.9622912892	17.6232255881	34.9378119417	13.0381085551	12.8593533216	18.4805564926	27.1853327383	16.1511384201	3.5504271252	21.0932463947	23.7133961844	25.5291348568	12.9384744535	21.8887316147	25.8758430948	38.0667226721	10.645733017	24.3508406281	22.8479996674	22.5528812089	12.9484933378	14.1197730625	38.7649052594	23.5136815519	35.567022742	27.0996364548	41.6631120871	18.0854911448	15.2086126641	31.3938290295	27.8446189401	23.1583763356	20.8785615309	22.0831887398	21.2755079861	24.0851607805	20.7487789648	15.0799847906	17.8519894341	12.4865590474	19.1189647947	26.1098547802	28.5437187883	29.0330798024	8.843200595	38.6955506026	14.0260644097	22.9976566528	40.9217875999	13.7314224691	33.7930323816	40.528911945	10.1626970226	21.25893991	22.5549289742	42.3410296202	32.9257148166	18.0584338725	32.5431803018	31.223858592	36.7632917882	36.6445070882	35.5278301992	23.5344896547	23.6591574996	5.3235643646	28.8199305627	20.6013213384	17.2423495165	21.7514942344
TEav	43.0822253411	43.2402592968	44.2650278718	24.0323820688	15.6417529917	0	9.9472300047	27.7877488309	36.6444065043	9.0406647029	34.0863082886	43.4374174306	44.0656269804	38.907008356	49.482102692	41.0138671513	19.929291279	35.1138971165	38.2506655198	43.7365395781	5.9018167017	32.1704989857	36.8703858124	33.2495199925	41.2977333367	11.1450339787	27.2886808972	33.5226307134	42.1975331791	8.1752122194	19.192180117	35.8263013238	25.3039988407	37.694295902	27.9817696688	29.9043802499	19.9032488267	43.4169312106	13.7222752788	39.9925936198	37.8860076404	38.0661805386	28.5902463296	19.7439753128	45.3884905648	39.0583588591	35.6491342769	37.5947604793	44.9507014458	23.880032589	21.1233281154	29.8436676548	43.1047183046	37.8994034707	18.5985843235	36.86732323	36.7852776832	39.5896820726	36.0679012406	30.1232800058	32.8299657311	11.6163292175	32.4199592101	23.2329272047	44.18547178	34.4145361667	15.8149514332	45.5003832918	29.1632198376	27.7367609624	50.1969157885	24.495354489	45.3751836691	47.9748568429	11.2342527577	35.7076102447	38.1590721544	45.2264286647	41.5326606701	32.8398029842	31.8489909517	38.7483097445	38.138384268	35.1445165208	44.5531736275	38.913109258	39.3009104913	12.7592920501	34.2266034325	36.0524219313	12.3383438393	36.7874549417
ENTO	41.4392213362	37.8169039026	39.8418633211	22.2698952559	16.9406996746	9.9472300047	0	26.7446010503	33.4470667154	13.5356776723	33.8655294159	40.2159745281	41.0010637124	36.9578826687	45.6973797509	38.4411386949	18.7167152732	32.6560555635	38.3588400542	42.3196541153	4.5082564524	26.2853060898	31.4526318683	33.9785408166	38.3911087218	14.36335379	25.3288209585	34.8119341753	39.3585399342	14.5872926557	20.1110154222	33.7252734467	23.9065121352	32.9720734124	29.4580097722	24.46619501	13.9157192101	38.7615181576	16.2301255579	39.4553494158	35.4486405086	36.6892923639	28.5275162668	22.6038357624	40.6631533639	37.5306955635	29.7427603399	34.7871910412	39.3452528294	25.510571871	23.1651825738	26.0756198565	41.2008712912	35.421126919	20.4087547819	34.5342747098	37.5939389936	37.9402910071	36.6279360682	31.5995201093	34.3303922518	13.0975079218	31.7647799101	24.1745799458	43.4377525272	31.7968989147	18.8878762438	40.9111669584	29.1889077237	28.0828359737	45.4526730857	24.1562534593	40.4843102166	42.9310805584	13.0925690819	35.931499191	37.497504157	39.8500822481	36.0944754303	33.5805363863	30.0937335392	34.0384937893	36.5086142421	29.8730995615	41.1350660117	37.0939698696	39.1755122139	16.4200222562	32.4990073201	36.031589808	10.0794936107	34.8836079282
TEOm	46.3631349834	24.7363745183	27.8621317286	33.5333872535	26.7464605346	27.7877488309	26.7446010503	0	21.8995199375	29.933837261	21.2320364206	33.4870426886	41.9281765845	29.866173571	26.7121738814	27.7609894122	9.9668974217	9.3135040781	45.3905856636	46.7814432177	26.3969975021	18.5206991672	27.3949006195	40.158398151	22.824037511	18.5016592048	36.7176199783	38.371349141	41.2943754503	21.9477482838	29.2678286888	32.8723544644	4.0665179719	31.295341736	35.0947191757	23.8842539145	17.7793083381	28.2200109908	20.4281968963	47.3674464895	39.1997743627	39.8211850396	37.3603031875	23.3067591225	30.9843235711	47.3394559348	20.8884045817	24.0660082013	27.1842886172	21.2064832984	20.485851232	11.8583204656	51.8315288693	41.6927030097	10.1600033213	41.5993161031	41.9387026439	46.5457700442	38.6722693357	35.3811858691	38.9262884124	17.2771676934	27.2627513569	7.9377522847	50.7473751816	15.5453839821	22.500345002	28.969291718	30.773388938	19.3419060272	35.1004701794	20.1690879835	36.0008618101	34.3951060224	19.069856055	33.2861188545	39.9470437968	26.2097048476	30.9519329684	33.720653104	8.5667288346	23.8943148662	11.5339578894	19.2842561585	27.031535726	46.8990575715	43.5055589964	26.4626792148	16.8818060521	37.9150160929	16.6651074396	45.7384041636
7op	35.0730730628	21.9227414111	19.7248156296	29.7569397564	26.5837468781	36.6444065043	33.4470667154	21.8995199375	0	33.9140017819	18.4827161601	18.6697320951	28.9973408881	11.804151772	23.8719664038	6.1465860066	24.7022507518	19.8292683339	36.1060351857	35.287834779	33.4758244468	18.6861599507	19.0055779796	31.574713882	10.7714676324	28.6975765048	32.0617567932	28.6055076642	28.9599856243	33.7781413478	26.7762751076	20.1724940629	17.8330019656	19.5561558092	25.5420647342	17.878034652	26.4551239285	21.4625864301	26.8297912944	38.1251916881	28.0018008579	28.6198278355	30.9430113534	27.8955863981	22.0428345379	39.5729265089	26.1211989342	4.5610231512	24.6978029075	23.9889773415	24.8036673708	23.324336436	44.6266653707	31.7148550456	27.7858789488	32.234957859	32.227015144	37.5886305249	28.7475356959	24.6964876597	30.7841236126	26.1220378512	12.3538161653	26.7791208838	40.6462408337	12.3854297116	25.6564993962	19.2905496529	21.0402351739	20.7185275629	21.6393187937	14.9237617831	23.0472654684	24.5676195049	26.0753040887	17.1015824844	29.2021091057	25.7341318935	20.8811928967	21.6191985341	25.2361963867	13.6381916516	23.0295842798	26.4627169037	10.1552632658	38.9389258065	33.1497234401	28.8624053355	13.7517519643	27.8396724044	27.1925970484	39.0624165971
POLE	36.5782555231	44.5188008585	44.1746323574	17.8122939998	8.9661941645	9.0406647029	13.5356776723	29.933837261	33.9140017819	0	33.2824678016	38.835059041	37.9221087644	34.7866535848	50.0855991137	37.8356540799	24.0286098074	36.8905708683	31.5751066925	37.1499785061	9.4184201449	33.3507069034	35.1129184094	26.5894197526	40.877995285	12.3879086706	21.4301784162	27.2363786368	36.1376243643	12.4465540693	12.5166212898	29.8312533602	27.1563834424	33.286128315	21.5875018458	27.7609634863	24.1473385013	43.5033445474	11.694894822	33.3170347926	31.6977609147	31.4925436775	21.9146875023	16.396188537	44.7950473401	32.4798757164	39.0481871123	34.6292357772	46.0978062449	21.4848991873	18.6398391056	33.6974449257	36.7414684833	31.9532843593	20.9875153232	30.9417759677	30.2417021506	33.051354945	29.5737347386	23.7290121829	26.497668282	13.0849225122	27.2487785218	26.5551617889	37.5099129528	34.3965008706	12.1395366387	44.9267368595	22.7907347484	27.2167422651	48.1950500675	20.9515128751	41.5490809905	46.8266737302	11.1492755038	29.7370394989	31.4878711759	46.6242636071	39.4736008092	26.6858020703	35.173069013	37.6478883058	40.5894854302	39.3929202343	42.858085103	32.5006838192	32.6253516641	6.3798503667	34.2154850695	29.4704764669	16.6766535447	30.4242051204
PBc	43.6010394013	27.4376618905	26.1833178873	34.7901519086	28.4017376214	34.0863082886	33.8655294159	21.2320364206	18.4827161601	33.2824678016	0	30.5779798623	38.9292575455	26.7120344698	30.027016646	24.1265798603	23.2792402204	20.7762077805	43.5441540008	43.8987439979	32.7503976256	23.0103909119	26.7985239671	38.7807560276	13.8747561706	25.1755210986	37.4878449732	36.2389153941	38.2450872772	30.2476789322	30.2989252057	29.8142802291	17.1655184487	29.0292249157	33.9755930247	24.9073999821	28.1867841375	28.0837949217	22.644002522	45.5545349174	36.4247390136	37.0126859623	37.129976415	19.8035502424	29.1671883334	46.3548516905	28.1731984892	20.624761539	30.1815428121	13.7702775073	16.1395252124	24.0546582374	51.1594555452	39.4865956916	24.5880764229	39.6732603315	39.848340658	44.8461750067	36.3809434258	33.8868872135	37.9434690698	22.5999824451	24.1346793597	25.9433541188	48.5220653076	11.1995326035	22.1550333556	26.0089520073	28.6055356012	7.7897663934	31.3409329042	18.7553206124	33.2022969837	32.4199731531	23.0949413773	30.1580468573	37.2751572571	30.6887101711	29.1395948929	31.7728923245	25.1125080506	21.2818699453	24.9709315756	28.3721950113	18.3434181005	45.7362249364	40.9251592496	28.2259419146	7.9086664116	35.4387682909	25.0645171594	45.2816302033
F1	23.6855825505	31.3868305911	25.3882401267	29.455856422	30.3947676767	43.4374174306	40.2159745281	33.4870426886	18.6697320951	38.835059041	30.5779798623	0	14.9959208408	17.4700569955	32.00391918	21.4144989524	35.6215159451	32.0452760757	30.6228425886	23.5223120037	40.0955817291	28.2405557934	19.2651993137	28.4637301571	22.7331715379	36.3590234261	30.1018990352	25.8984097182	16.4490845447	41.4108351053	28.9961326344	11.6194227993	29.4205247166	11.7049110173	29.5406451732	20.6335083348	37.2044683711	25.9096156518	33.8530357344	30.0524982465	17.6216014752	18.1424722437	28.5430967643	34.8540752062	23.0769252503	33.0765381268	38.0171930838	16.2772810476	33.0487278712	33.0418585586	32.6240630506	35.5096997057	38.0870528402	22.0868054924	37.5496003907	23.3957919078	28.1499980196	29.091003101	25.2737547867	28.5553145447	29.9441506564	33.9351231435	20.6703087173	38.131815246	30.9399220862	24.9030909142	32.0976050019	25.2465411548	19.7307454459	31.1302439805	19.1473947921	21.240297078	11.581742914	23.7045885308	33.277012312	26.140488149	21.794317351	35.6041086956	19.3124839317	23.5413563582	37.3064188719	17.6911313079	34.795740189	38.3475082712	23.0436293667	31.4264915401	26.1553751467	33.8832105555	26.1710089417	22.5004593661	36.4505678719	34.112111684
F2	10.4701682361	41.9523073791	35.0692902216	24.2831788637	29.1334108967	44.0656269804	41.0010637124	41.9281765845	28.9973408881	37.9221087644	38.9292575455	14.9959208408	0	26.6182650552	42.8769143002	31.3942363987	42.5490385139	41.7754113129	20.7142058292	10.7097137374	40.5142910907	36.2833352158	25.8274767649	21.6863613321	34.2605326072	39.3081185194	23.3492056292	22.0244140935	3.3149649525	43.8519411783	26.5002128537	10.9331411082	37.8616586125	14.6879758128	29.4810194797	24.9186666855	44.5554631222	35.446166435	36.6649582188	19.0470022371	7.3809681963	9.3665805663	22.0972371389	38.4938472903	33.049215924	22.4726765883	46.3697628056	26.7858635008	42.8240183947	39.1264076523	37.1213063056	44.7021412876	27.1212801463	12.0741037419	43.5223482956	13.2080564122	21.5563885728	18.1211607653	19.9589742829	29.6251325977	25.3392227133	37.396661209	26.5605866464	45.7216164587	18.9362213299	35.4152493317	34.3623138853	35.2311606389	18.7318926968	38.9081998934	29.1152836626	25.9318435026	15.8316684604	33.6748602053	35.943220697	31.4123773653	13.3024121459	45.8177497683	26.422327003	26.5581097956	46.5558772972	27.8380637743	45.3937942604	47.3847639626	34.3183198188	20.6605951514	16.8197800495	33.8759575082	36.4101756854	16.1893333859	40.3637239997	24.3402477509
1	32.3557637344	31.1236210985	27.1982253733	29.3239618879	26.8187658857	38.907008356	36.9578826687	29.866173571	11.804151772	34.7866535848	26.7120344698	17.4700569955	26.6182650552	0	31.9739590111	10.271435552	31.2100584426	28.8475936046	33.6104600663	32.5478669753	36.2623371938	27.4676095987	23.4728398635	29.0694200151	19.6169678772	31.25687421	31.434831577	26.109831895	26.5016196297	36.3366375184	26.3164787975	17.3826797285	25.799655599	19.2708655154	24.4755282286	22.4417326081	34.8126929018	28.9355390994	28.5773534426	35.4282262605	25.4074849252	25.973669106	29.1892586715	29.7037281113	27.3484921976	37.2551806502	35.223842081	9.0877819126	33.9556894004	27.8160456169	27.4428631983	32.326975902	42.404476342	29.3845129421	32.4796470928	30.032945637	29.7313393747	35.0096825768	26.2518599266	23.2936223822	28.4261935608	28.8561597843	12.7085403853	34.1658623454	37.9341028199	21.8694445086	26.7970045404	26.394205294	18.5057651781	26.6909768177	22.8520016635	16.1350473234	22.9126351883	28.9744997927	28.2573336613	17.1510003005	26.6646338402	35.2832766168	24.2628211903	19.3226047538	34.0585917929	19.9388005976	32.5886168854	35.6815285154	17.7323721816	36.6449011643	30.5236697164	29.3488746689	23.0296381454	25.3331155771	31.7350929179	37.352816124
DP	50.8765094264	13.839750393	11.9614789672	47.1674800615	44.5896573565	49.482102692	45.6973797509	26.7121738814	23.8719664038	50.0855991137	30.027016646	32.00391918	42.8769143002	31.9739590111	0	27.3629341059	32.2915447298	18.3970771439	55.1055556803	51.4249609411	46.2330909288	21.5008513214	22.8381919809	51.7830071871	17.668387473	41.7453583653	48.8860332881	48.7321994164	43.1173927617	45.9477626035	45.4925276043	37.4293527325	25.9433300832	30.4917026883	48.2762436821	27.3058538051	32.6643940944	16.3037767841	41.8714413084	56.0619265966	43.5187362103	45.2950004514	50.1669497347	43.1454781781	18.8644357832	57.2753639957	26.0537185738	24.4516329667	17.3611696524	38.3254811328	39.2078399559	24.6637572504	62.0966913754	46.7676133874	35.9724440153	47.564710153	52.0803132513	54.3172194545	48.6003527709	47.4394169431	51.8164429725	39.1801417925	35.3053521538	32.6266368683	58.025469612	20.9715514983	42.6894652951	11.1556405715	41.4490365519	33.4068657757	26.7604854487	34.4120776995	30.6715372213	22.4257737037	40.4052536952	40.546631881	47.2605660344	17.8198733903	22.775599774	44.3382572798	25.4673840271	15.4658356407	16.3625975202	24.5889046723	20.3785041538	55.5149109184	51.7315657948	46.4304109354	23.5900427993	46.7567391502	37.7855936015	56.5165948902
7B	37.1724239434	26.5146671884	23.6222869422	33.0491107905	30.0218924597	41.0138671513	38.4411386949	27.7609894122	6.1465860066	37.8356540799	24.1265798603	21.4144989524	31.3942363987	10.271435552	27.3629341059	0	30.5637202265	25.2671446786	37.6878180529	37.3645271843	38.1760389259	24.1899182184	24.1755145735	32.8191901924	12.0254409075	33.2385761592	35.4736927336	30.1538491938	31.2775909732	38.3191410021	29.731422347	22.1993399375	23.6944714403	23.0802704831	26.4615547098	23.5336564644	32.3125402668	26.0039786314	31.0597474658	39.8858752569	30.2241451342	30.7226352985	33.0763734147	32.1033228089	26.5933283295	41.5939164039	31.597092746	5.4596992745	29.3626737015	29.2872246516	29.3006756593	28.8002302479	46.7639322403	34.2011731511	33.4652062478	34.7815583095	33.6909354836	39.6577178076	30.2958772255	25.094382214	31.8313382363	30.6630375056	13.8937280016	32.6405903585	42.52613481	17.4514280053	29.6784512489	22.7426487487	22.4079280855	26.5799970376	25.3756068872	18.8232996415	26.3013269387	28.8264990548	30.3938500711	17.0462450894	31.2540005684	30.5501676216	25.3106222219	21.8386535206	30.7120901986	18.2209770726	28.2995104335	31.7796650372	9.2541431558	41.2870554941	34.9040025609	32.5044988137	18.7251067066	29.5137576777	32.6924910177	41.7234801513
TEpv	45.5937158545	27.1210123819	30.1901944836	30.2965152457	22.9802724894	19.929291279	18.7167152732	9.9668974217	24.7022507518	24.0286098074	23.2792402204	35.6215159451	42.5490385139	31.2100584426	32.2915447298	30.5637202265	0	16.044481053	43.3945879918	46.1958862271	18.9237175604	18.0411956323	28.0975065275	37.7759663216	25.873635472	12.8543022495	33.54830171	36.3553477621	41.4877086892	15.4871903241	25.9713317178	33.2184188978	7.8316691534	32.4047114954	32.3622306269	23.3971851975	11.223655355	29.7818782578	15.8701022239	45.4519023251	38.8319698292	39.3312755138	34.6171954524	19.5577011189	32.6591706552	44.9459877958	20.5792969866	26.8687390155	29.224295929	18.6235866101	17.4849350129	11.9619777745	49.1716446111	40.7821672095	8.3395240967	40.4259754203	40.1796257812	44.7785030946	37.4867571716	33.5439074369	36.7112547155	11.3126398994	27.8442573449	7.1748861526	49.1836706073	18.5949819432	18.4260486845	31.6401002836	29.4645903731	18.5650974142	37.7957492398	19.1059683915	37.8208160788	36.1345479612	13.5823108293	33.4426628873	39.2029599924	28.7442976228	32.2476665475	32.3367772702	12.0269001532	26.1796321554	19.3594983885	18.6865952882	30.1083039823	44.6881895878	42.1728646725	21.7638642825	19.9675730959	36.8491604456	8.7663672034	42.8743515968
MT	47.5030517268	17.3075857099	19.9807394206	37.9501816994	32.6648834908	35.1138971165	32.6560555635	9.3135040781	19.8292683339	36.8905708683	20.7762077805	32.0452760757	41.7754113129	28.8475936046	18.3970771439	25.2671446786	16.044481053	0	48.3509756806	48.0457776085	32.7517666999	14.8356272218	23.6589137169	43.5929820067	18.7447880024	26.6547625336	40.5717526913	41.1145332095	41.4273610184	30.123125049	34.5355504554	33.5160858349	10.7166105182	30.0892290587	38.6396616161	22.6962120628	20.1210443341	20.9109469863	27.6780450954	50.1448837883	40.1314322734	41.1859808607	41.4319849824	29.7543329343	23.780552358	50.5445645808	17.3043921716	21.8033438244	20.096407071	25.2943914717	26.050899017	11.4939144437	55.2149385192	43.0104823688	18.4538597675	43.2133884602	44.7360406892	48.9970369134	41.2565612411	38.6757785489	42.6635968687	24.7316267486	28.754185666	15.147530306	53.0741564244	12.0175028506	29.2632023651	21.1568852275	33.5398407857	21.4933660131	30.0783506602	23.3433863647	32.7462831468	27.3990427362	26.2540622495	34.4216625995	41.8268000906	19.2053864637	26.1321982706	36.6398214978	10.1983893851	18.0343795002	4.9269540161	16.5237796814	22.8467843533	49.679361785	45.6826860945	33.2757064501	14.229652184	40.3331113584	23.2668840084	49.0327204482
46v	12.7939056868	53.1566212301	48.3923282785	17.2980088434	22.608912528	38.2506655198	38.3588400542	45.3905856636	36.1060351857	31.5751066925	43.5441540008	30.6228425886	20.7142058292	33.6104600663	55.1055556803	37.6878180529	43.3945879918	48.3509756806	0	13.0353659903	36.4634659359	44.5165924375	37.8008007641	6.8084756352	44.7614949436	35.2619006326	16.3658744391	14.1839786505	19.1482731271	38.5230910114	19.0662494355	19.371124953	41.5205402636	27.9043873222	20.080938829	33.2450771152	47.9337668176	48.7857970122	31.7469096615	4.2682342479	14.729788868	12.4839115894	10.1819553876	34.5152494517	47.5328078352	7.7559431371	52.8675142304	35.0015809703	54.9141681965	36.687255195	34.1359113394	49.7663054114	12.0490289771	13.867587992	42.7323368254	13.0000778989	6.8156748039	8.3254125919	13.6996382323	20.3378751388	12.8862559937	34.3403343419	26.6476389658	46.1724213651	8.638138537	42.8722642901	29.3748820556	48.1975874768	15.2798899674	40.5828974745	45.8694936003	26.204961675	34.1816678268	47.6557136871	32.0168019194	28.0921077511	12.553857055	56.5642525146	39.5678320822	21.8072676732	50.7273278104	40.6120240444	52.5456994757	54.0868926947	43.8507227175	9.978652611	9.8228982495	27.2656259122	42.6841840643	13.4030580174	39.1098468035	11.6229313461
F7	3.8142375888	50.373586011	44.1518163839	22.137099361	28.1837843416	43.7365395781	42.3196541153	46.7814432177	35.287834779	37.1499785061	43.8987439979	23.5223120037	10.7097137374	32.5478669753	51.4249609411	37.3645271843	46.1958862271	48.0457776085	13.0353659903	0	40.8785587788	43.1850107636	33.7764017921	15.9982107014	41.8770343462	40.2507340467	20.5744167715	18.8608392519	9.9404016211	44.1089773443	24.8447345875	15.6506900927	42.7149252457	22.4523050455	26.911708137	31.0879797122	50.4479864341	44.4895701497	37.0872330698	9.6086362552	8.7724336951	7.2691021596	17.365389246	39.3607978606	42.5101284054	13.9876355477	52.6527766175	33.2526037301	51.6529330419	40.9031801715	38.4723822558	50.4917728232	17.9569377164	10.8142830287	46.160772196	10.9748781089	16.4641469	10.0362573396	16.451604054	27.1864441462	21.3567473154	38.7639139155	29.1439450512	49.2842083829	8.6311679453	42.1286372487	34.7152054639	44.2467499399	18.0360983892	42.969014687	39.2959586866	28.4137503186	26.3089954726	42.5132390843	36.854284327	32.3207825493	9.0559003979	54.1361734506	34.4450720863	26.4147635109	51.8656217593	36.6611865075	52.2405014036	53.813004257	41.4461093817	13.1303734879	9.4148831588	32.9603385057	42.5570786113	12.5128692116	42.7535498771	17.3785621114
PERI	40.0845551768	39.6971744497	40.3522738469	20.8179536487	14.1073294995	5.9018167017	4.5082564524	26.3969975021	33.4758244468	9.4184201449	32.7503976256	40.0955817291	40.5142910907	36.2623371938	46.2330909288	38.1760389259	18.9237175604	32.7517666999	36.4634659359	40.8785587788	0	28.4862549282	32.2959621377	31.5246316533	38.460143536	11.6262486683	23.8768793513	32.257562688	38.7302661718	11.1130303173	17.6498614502	32.8297806032	23.5707443639	33.4192615451	26.6210198878	25.3095252795	16.2304817685	39.5609690127	13.2871218992	37.768905743	34.5609314525	35.3452580844	26.6942894026	19.6218979928	41.3882546414	36.0787539564	31.9711142493	34.6145060577	41.2333542697	23.2699486777	20.6540469079	27.7206353396	39.748929684	34.3722014791	18.7121163399	33.2976862835	35.1915902924	36.4883493999	34.5133780941	28.7625302249	31.5311863241	11.0208308254	30.4047269462	23.437305135	41.8042585128	31.7033824544	15.7496346498	41.4672606487	27.2318376281	26.6281994199	46.1974896348	22.6372494372	41.0909310052	43.6561818358	10.5348059311	33.9364649213	35.8426799203	41.7760728126	36.9378056997	31.3049042257	30.6257537906	34.6516200294	36.8501749972	32.1781709514	41.2867183991	35.6420282625	37.2247326985	12.7343138059	32.0037628279	34.1179099159	10.2879302388	33.431666321
ProStr	42.4210926785	12.3018767013	14.1259129832	32.314413179	29.0896522072	32.1704989857	26.2853060898	18.5206991672	18.6861599507	33.3507069034	23.0103909119	28.2405557934	36.2833352158	27.4676095987	21.5008513214	24.1899182184	18.0411956323	14.8356272218	44.5165924375	43.1850107636	28.4862549282	0	13.6183413862	40.5880221107	17.8986267592	25.9943491905	34.2927164532	38.4131353888	35.9940185987	30.1478841853	30.7747418829	29.823507463	14.5217608317	23.0307821356	36.81447978	13.0093585247	13.1365606324	12.71395414	26.8939129867	45.4875612925	34.6565084174	36.7495752088	37.2066285596	29.8416806654	15.8170318137	45.1526342525	13.1678633668	20.6823418085	13.3661298941	26.4073607433	26.5877368967	13.5446899288	49.4611730072	36.6985597941	23.7097598315	36.908830659	41.958446223	43.3676282872	38.5181946846	37.1585053389	40.6882449669	23.418810537	27.2873751153	22.6007199947	48.3271166209	13.2789397838	28.2411867727	16.2425189415	31.0915195611	23.1728623114	24.3293568469	22.7933774323	26.1155240188	19.494743369	24.5861802539	32.6195093134	38.0819101105	13.8692046129	17.1999361432	35.1395784506	19.002786494	12.443116986	18.4452108902	14.661046849	21.9093193092	43.6252338357	42.2442823872	30.8021652072	16.2644784934	37.2492279675	20.5660419316	43.2108394949
29-30	33.0166331816	18.8211012563	13.212705668	28.5900826617	28.9622912892	36.8703858124	31.4526318683	27.3949006195	19.0055779796	35.1129184094	26.7985239671	19.2651993137	25.8274767649	23.4728398635	22.8381919809	24.1755145735	28.0975065275	23.6589137169	37.8008007641	33.7764017921	32.2959621377	13.6183413862	0	35.5585934237	19.4835326988	31.6801843087	29.9958179715	33.3593281068	25.9199908476	36.5248330993	29.1591741229	21.9056684394	23.3283826476	11.6636078884	34.7428764193	7.5041196279	24.8535459875	12.0055389116	31.3279561175	37.8610654971	25.1413131257	28.1992813089	32.5765428101	33.9239774833	11.7087520014	38.1651020243	25.4252520345	19.2438673434	19.2263963397	30.7582700269	31.0253405899	25.4476241532	42.7899028155	27.1605713692	31.9016375627	27.8396835039	36.1381968996	35.0760785606	32.9646036803	35.0984423491	37.0484234262	29.1046456552	25.345736814	32.052661007	39.8610486584	19.3457374761	31.2139520447	13.8265537607	26.6990156939	28.4841655663	16.7708097852	23.007905802	15.4117180409	12.0355566917	29.1329100448	31.3691043116	30.4699407689	22.2665116477	4.8259308488	32.6738613522	29.7475999745	8.1562843639	26.4348146923	26.6903675229	21.6968023053	35.9291772573	35.2100816279	32.3647996667	21.726216915	30.7287283243	28.3932842017	37.2838951643
12	15.8528146252	49.4455260304	45.424368149	14.17811687	17.6232255881	33.2495199925	33.9785408166	40.158398151	31.574713882	26.5894197526	38.7807560276	28.4637301571	21.6863613321	29.0694200151	51.7830071871	32.8191901924	37.7759663216	43.5929820067	6.8084756352	15.9982107014	31.5246316533	40.5880221107	35.5585934237	0	40.7813724852	29.7714969173	14.9683015414	9.1342492995	20.099307353	33.3198528146	14.2333857428	16.9518930631	36.3236987565	26.5413044956	13.4192523479	30.4488538018	42.5596929481	45.9497410359	25.9235297142	10.2371037493	15.5624122516	12.4322930742	6.6582184547	28.6918695043	44.9969363144	11.7062114374	48.4270525029	30.7004506485	51.443825165	30.8466651577	28.2953213021	44.6937569009	16.5482331539	15.9697037304	37.0411866771	15.1266347878	5.2243402815	12.8524780274	10.0427447215	13.7625878881	6.9560045124	28.6491841935	21.0070294477	40.4973769932	14.6070080385	38.1807186622	23.5515021083	45.1386788686	10.5781836395	34.9193267725	43.4845708857	20.9193146183	33.2807778868	45.7215543518	26.3750471976	21.7225787361	11.4288124661	52.9148544821	37.8007383369	15.6520223753	45.5304863033	37.6160062461	47.691390304	49.5291826091	39.5818068005	13.982962492	10.9888142999	22.0623877154	37.9207860912	10.0987420093	33.7607142879	14.4033455882
TPt	41.7260407127	17.8339225302	14.0142995557	38.2005529331	34.9378119417	41.2977333367	38.3911087218	22.824037511	10.7714676324	40.877995285	13.8747561706	22.7331715379	34.2605326072	19.6169678772	17.668387473	12.0254409075	25.873635472	18.7447880024	44.7614949436	41.8770343462	38.460143536	17.8986267592	19.4835326988	40.7813724852	0	32.8286284365	40.217137121	37.6539504676	34.5666902808	37.4503294512	35.7044039431	27.199224414	18.757519539	23.3790097575	36.0182568446	21.61563238	27.1618179271	17.0263376285	31.8484211783	46.1538924648	34.540569417	35.4619319968	39.9781147098	31.3496522013	18.4495592685	47.7902226879	25.1028775795	10.7652387039	20.6538304206	25.7093716074	27.2549254865	22.4645557336	52.8155959686	38.254462167	29.1162008843	39.0415011979	41.1739617747	45.1515224333	37.7337102362	35.1862723008	40.3604183578	30.2530897829	22.8947777999	27.6944099773	48.3302336904	8.6491289231	31.8913474647	13.300030005	30.2178262199	19.5278387126	22.1103156914	23.5433664545	24.6492180659	21.8353172558	31.0319791634	27.4127684087	37.1154290774	22.1315536259	20.1603087401	31.6292498466	24.4500000957	11.5412498365	21.3737730591	25.0895859122	4.8855591107	46.6027738008	41.3554534069	36.2001116182	8.8751600078	36.3353081344	30.2268232101	47.3139288946
TEam-a	39.6246647471	36.5944006978	37.6754518022	21.5956577151	13.0381085551	11.1450339787	14.36335379	18.5016592048	28.6975765048	12.3879086706	25.1755210986	36.3590234261	39.3081185194	31.25687421	41.7453583653	33.2385761592	12.8543022495	26.6547625336	35.2619006326	40.2507340467	11.6262486683	25.9943491905	31.6801843087	29.7714969173	32.8286284365	0	25.1195495952	29.2954499373	37.6769625356	6.1572679054	16.5324274483	30.0627505942	16.8354981396	32.2034145647	23.8314160815	24.9989994819	17.4752360097	37.2729898893	7.036382367	37.253640759	33.9134783358	33.80999344	25.7267238998	13.1225523344	39.1260964166	36.495681875	30.7222373244	29.6770432909	38.4773534197	15.7962697611	13.4831575036	23.1940007124	40.5845007602	34.9584677164	8.8891000426	34.1349871044	33.00179087	37.0243181243	31.4966306428	25.9729264186	28.6247200909	2.5755386536	25.4375086374	14.2770080229	41.4289784788	25.9783468872	9.9065681917	38.6539055889	23.7738853264	18.8442763619	42.8595915799	16.6701786319	39.3292509872	42.0421855766	3.3964497197	29.2483677209	33.638184892	38.5583850907	36.0950016443	27.1304008472	23.683019004	31.8280515537	29.0444407857	29.5212266365	36.4633940006	36.3593944212	35.4706607703	10.4439883867	25.4134440913	31.1013039505	8.584420259	34.2672373972
25	19.7905340803	44.8359160498	41.1182831489	3.6753228503	12.8593533216	27.2886808972	25.3288209585	36.7176199783	32.0617567932	21.4301784162	37.4878449732	30.1018990352	23.3492056292	31.434831577	48.8860332881	35.4736927336	33.54830171	40.5717526913	16.3658744391	20.5744167715	23.8768793513	34.2927164532	29.9958179715	14.9683015414	40.217137121	25.1195495952	0	19.8058331644	21.5594941357	28.5432904098	10.2644317459	19.4965148595	33.0951283722	23.2970487121	19.0755646544	23.6833473477	35.3593347002	40.6109427714	23.0727503361	16.1820780618	16.2761048645	17.3352231069	8.9844908017	26.4025607629	40.5298128104	12.9288200741	42.2639540766	32.1308076746	45.9937368264	29.6479610718	26.8776450903	40.2008208692	16.127636651	14.1979121951	32.5974402447	12.5945151426	18.3041191862	14.0492275089	20.9020743345	21.1328653293	19.9605985535	24.2054377612	24.8920137096	36.9470704367	19.9972414283	36.3201848163	21.1259882954	41.4253327748	15.8509432875	33.610632099	41.9829394928	21.673259577	32.0820033701	41.0252678377	22.0920427436	26.889718244	18.5999729228	47.2702267204	32.7988476095	22.8817593602	42.3107649504	33.9505400899	44.7530661978	43.888759605	40.4950110714	12.4328271002	18.5603153107	18.1129320676	36.6099212176	18.9868255028	27.6673453253	9.8186649182
45B	19.5460699844	46.6526143874	42.5356310802	18.1837365099	18.4805564926	33.5226307134	34.8119341753	38.371349141	28.6055076642	27.2363786368	36.2389153941	25.8984097182	22.0244140935	26.109831895	48.7321994164	30.1538491938	36.3553477621	41.1145332095	14.1839786505	18.8608392519	32.257562688	38.4131353888	33.3593281068	9.1342492995	37.6539504676	29.2954499373	19.8058331644	0	20.5283057195	33.0076562881	15.7627140202	14.8274331704	34.4836512234	24.4730755941	12.1929976291	28.8818862692	41.6345752399	43.2301737552	25.4694178701	18.0426102575	16.6262866839	13.0036886642	12.8821068896	27.9913594547	42.1830567304	20.1570562062	46.590444947	27.6346850625	48.6080484402	29.732305646	27.1809617904	42.8474600574	25.1458005582	19.3166344593	35.7825552392	19.1813460231	8.5184598763	19.7229609228	3.7085965804	11.9390369237	5.5920194299	27.945221511	18.8221231924	39.0956351566	21.5862963741	35.522995128	23.0973902642	42.1605834773	7.9231289828	33.1594716675	40.623816127	18.9159204096	31.3454561202	43.0371881625	25.8990002176	19.6665731169	10.5842971082	49.9141596086	35.3793576948	13.5960167561	43.6904387702	34.7021564205	45.3016269425	47.4974722884	36.5160412144	21.5081053872	13.3024061837	22.0516290226	35.3789454577	6.8943374672	33.1201388074	21.9969795624
F3	9.1587981487	42.1481035123	35.3113895813	22.4934673701	27.1853327383	42.1975331791	39.3585399342	41.2943754503	28.9599856243	36.1376243643	38.2450872772	16.4490845447	3.3149649525	26.5016196297	43.1173927617	31.2775909732	41.4877086892	41.4273610184	19.1482731271	9.9404016211	38.7302661718	35.9940185987	25.9199908476	20.099307353	34.5666902808	37.6769625356	21.5594941357	20.5283057195	0	42.1212650771	24.508623367	10.5246495157	37.2278574784	14.7230459941	27.8405692573	24.301458113	44.0305436981	35.6848127908	35.031772517	17.4008533072	5.4074662837	8.1051556992	20.1577704667	37.0276115691	33.3699722364	20.818162678	45.9433922201	26.8699945352	43.0626647505	37.921214529	35.8329342128	44.2425544128	25.598978297	10.0896415847	42.264150201	11.223594255	20.0602801989	16.4471508382	18.4628659089	28.0346849427	23.8431143394	35.890172491	25.7557230313	44.7686209999	17.4551319008	35.1984854148	32.728716624	35.4732599986	17.2263148993	38.2240296251	30.2515916504	24.8603298248	16.6915904945	33.9956165178	34.3288428868	30.4482695948	11.8362121821	46.0029373922	26.5148410857	25.5851120501	45.9576841651	28.0819070097	45.3739806621	47.01462996	34.5889358072	18.8128513922	15.7033624792	31.9533794837	36.0454785557	14.693225012	39.0325466065	22.377166111
TEad	43.521934871	40.6898672491	42.3762941951	24.9254059935	16.1511384201	8.1752122194	14.5872926557	21.9477482838	33.7781413478	12.4465540693	30.2476789322	41.4108351053	43.8519411783	36.3366375184	45.9477626035	38.3191410021	15.4871903241	30.123125049	38.5230910114	44.1089773443	11.1130303173	30.1478841853	36.5248330993	33.3198528146	37.4503294512	6.1572679054	28.5432904098	33.0076562881	42.1212650771	0	19.7015655453	34.8201160874	20.6956485089	37.2276813931	27.5843121966	29.7756204898	19.5654345111	41.8579963495	11.5122079954	40.4914874624	38.210257657	37.9855225615	29.0996317579	17.8599254081	43.9834864085	39.6648199719	33.9678192025	34.7576081339	42.5662495282	20.8760330695	18.3462293044	26.4957224405	43.854580477	38.9772192707	12.2964772739	37.9879344474	36.7380508125	40.2362992005	35.5272550052	29.7258225337	32.3149913058	7.6561034965	30.2473864254	16.7525509868	44.6170258589	30.5875008154	14.138894831	43.4860394484	28.1201087187	23.9248412049	47.9306346817	21.680668447	44.4090142957	46.931649094	8.1338227934	33.9942815933	37.8116209735	42.6528316511	41.0284048702	31.6838346292	26.7725781872	36.8035421012	32.4905298647	32.5277543991	41.4218927858	39.6387349696	39.2696646535	12.8751424458	30.0715766152	35.3208853664	10.6884867874	37.537317114
OPRO	24.2784643064	41.2845377736	39.0559689157	6.5891088956	3.5504271252	19.192180117	20.1110154222	29.2678286888	26.7762751076	12.5166212898	30.2989252057	28.9961326344	26.5002128537	26.3164787975	45.4925276043	29.731422347	25.9713317178	34.5355504554	19.0662494355	24.8447345875	17.6498614502	30.7747418829	29.1591741229	14.2333857428	35.7044039431	16.5324274483	10.2644317459	15.7627140202	24.508623367	19.7015655453	0	18.9138819004	26.1386788259	24.3484010207	11.1188817296	22.3593125682	29.2443775697	38.8946883538	13.7286471556	20.8081502387	19.9803437116	19.4760083516	9.4149113985	16.8692072823	39.1091910747	20.0426722164	37.6726281394	27.1190593363	43.0849676338	20.3295394369	17.499780661	33.921884622	24.4585827977	20.1591821914	24.1800577645	19.0361438495	17.9952038741	20.6106883101	17.9482793667	13.2603920666	15.1083662557	15.788055281	18.3219591714	29.0617544825	25.0074962166	30.4447865352	11.5941709076	39.1942965523	11.7127956265	25.175178169	40.6744039869	14.2154568139	32.5551556327	40.6694212323	13.4918599075	19.7335644258	19.4624821095	43.9660812128	32.8097286817	16.0368817763	35.064548456	31.6744417496	38.6339587527	39.0106236983	35.7333587396	20.1043339899	20.3668997353	8.7012482601	30.245318988	17.7275755217	20.5573013909	18.286227408
